A	 = 3.06e+12,
C0	 = 1.0,0.0,
Cpa	 = 1074.41254557,1090.62339039,
Cpb	 = 0.0429588227209,0.178621843406,
E	 = 1.83e+05,
Hp	 = 99656.5673532,
K	 = 11935.731332,100000000.0,
Value	 = 2.43670932282e-06,
Xi	 = 0.733808674985,
eps	 = 0.936807333391,0.94,
ka	 = 0.314288132845,0.0239383231592,
kb	 = 3.38962229364e-05,0.000386103142439,
n	 = 1.01307932797,
nO2	 = 0.0,
rho	 = 1683.0,1235.0,
