A	 = 3.81e+15,
C0	 = 1.0,0.0,
Cpa	 = 1058.555501748361,1048.729021283172,
Cpb	 = 0.04497434502202159,0.4265602186973461,
E	 = 1.97e+05,
Hp	 = 594215.7346933708,
K	 = 11798.782175548455,0.0,
Value	 = 9.86471882276148e-07,
Xi	 = 0.7338086749851456,
eps	 = 0.7243068092656033,0.7950346627816829,
ka	 = 0.32697616143723185,0.023741401321223873,
kb	 = 1.1396009387748273e-05,0.00034091814675501505,
n	 = 1.7038166030354902,
nO2	 = 0.0,
rho	 = 1683.0,1235.0,
