A	 = 2.78e+15,
C0	 = 1.0,0.0,
Cpa	 = 1033.3003589998334,654.5749621236358,
E	 = 1.86e+05,
Hp	 = 435328.40326686203,
K	 = 7060.934204378792,0.0,
Value	 = 9.981384120984532e-07,
Xi	 = 0.7338086749851456,
eps	 = 0.604984463343557,0.532207033209027,
ka	 = 0.27959566765112054,0.289051469581449,
n	 = 1.484360212926922,
nO2	 = 0.0,
rho	 = 1683.0,1235.0,
