A	 = 2.34e+12,
C0	 = 1.0,0.0,
Cpa	 = 1080.0,1041.0,
Cpb	 = 0.0452,0.259,
E	 = 1.81e+05,
Hp	 = 100000.0,
K	 = 10000.0,100000000.0,
Value	 = 0.006845057698580247,
Xi	 = 0.7338086749851456,
eps	 = 0.94,0.94,
ka	 = 0.312,0.0949,
kb	 = 4.405e-05,0.000283,
n	 = 1.0,
nO2	 = 0.0,
rho	 = 1683.0,1235.0,
