A	 = 2.40e+12,
C0	 = 1.0,0.0,
Cpa	 = 1020.90502133,878.654916719,
Cpb	 = 0.14948897732,0.440752808823,
E	 = 1.81e+05,
Hp	 = 99269.0315535,
K	 = 8825.19870007,100000000.0,
Value	 = 4.96695715479e-06,
Xi	 = 0.733808674985,
eps	 = 0.933276255271,0.94,
ka	 = 0.280549821248,0.222788367807,
kb	 = 9.44875810387e-05,8.35948781058e-05,
n	 = 1.00576079153,
nO2	 = 0.0,
rho	 = 1683.0,1235.0,
