A	 = 3.32e+12,
C0	 = 1.0,0.0,
Cpa	 = 1047.4997944519455,1053.3719342730976,
Cpb	 = 0.12538136987097565,0.2415561157611929,
E	 = 1.83e+05,
Hp	 = 100484.25974247257,
K	 = 4956.625111734609,100000000.0,
Value	 = 1.696156973821042e-07,
Xi	 = 0.7338086749851456,
eps	 = 0.9415662432001088,0.94,
ka	 = 0.2921753698867401,0.09612325821561,
kb	 = 8.462994381433172e-05,0.000283137989750129,
n	 = 1.0082695650356839,
nO2	 = 0.0,
rho	 = 1683.0,1235.0,
