A	 = 3.30e+12,
C0	 = 1.0,0.0,
Cpa	 = 1040.7724506322356,1172.6251950452531,
Cpb	 = 0.14962204298100135,0.11433177212932141,
E	 = 1.83e+05,
Hp	 = 101238.4522997767,
K	 = 12751.701325604194,100000000.0,
Value	 = 9.979834655692406e-08,
Xi	 = 0.7338086749851456,
eps	 = 0.9424146887607483,0.94,
ka	 = 0.2920554618750968,0.07619037583482853,
kb	 = 8.933057763060647e-05,0.00031719646384153344,
n	 = 1.007289689130611,
nO2	 = 0.0,
rho	 = 1683.0,1235.0,
