A	 = 2.76e+12,
C0	 = 1.0,0.0,
Cpa	 = 1042.49252407,1134.64192632,
Cpb	 = 0.0434845582616,0.116985946025,
E	 = 1.82e+05,
Hp	 = 101867.34089,
K	 = 20605.5813663,100000000.0,
Value	 = 1.49282759324e-06,
Xi	 = 0.733808674985,
eps	 = 0.916807392494,0.94,
ka	 = 0.303741371421,0.245058785721,
kb	 = 3.51162446655e-05,7.15634182574e-05,
n	 = 0.994751291013,
nO2	 = 0.0,
rho	 = 1683.0,1235.0,
