A	 = 5.03e+10,
C0	 = 1.0,
Cpa	 = 195.5906142355616,
Cpb	 = 4.011554624981313,
E	 = 1.57e+05,
Hp	 = 791511.1244490261,
K	 = 1000.365005988781,
Value	 = 9.249312463666764e-08,
Xi	 = 0.0,
eps	 = 0.8030155799486778,
ka	 = 0.1393960457934189,
kb	 = 0.00026210677809797214,
n	 = 0.9243530709777007,
nO2	 = 0.0,
rho	 = 1189.37,
