A	 = 4.45e+10,
C0	 = 1.0,
Cpa	 = 813.3624872328372,
Cpb	 = 3.7230411733043685,
E	 = 1.41e+05,
Hp	 = 871085.8168415478,
K	 = 671.2125849657006,
Value	 = 5.061331072937545e-06,
Xi	 = 0.0,
eps	 = 0.6813624733462667,
ka	 = 0.08594172699925734,
kb	 = 0.00041550346761501573,
n	 = 3.065929563718007,
nO2	 = 0.0,
rho	 = 1189.37,
