A	 = 4.45e+10,
C0	 = 1.0,
Cpa	 = 813.36,
Cpb	 = 3.723,
E	 = 1.41e+05,
Hp	 = 871085.81,
K	 = 671.213,
Value	 = 0.0005291559655296246,
Xi	 = 0.0,
eps	 = 0.68136,
ka	 = 0.08594,
kb	 = 0.0004155,
n	 = 3.0659,
nO2	 = 0.0,
rho	 = 1189.37,
