A	 = 8.71e+10,
C0	 = 1.0,
Cpa	 = 1982.6298472614221,
E	 = 1.56e+05,
Hp	 = 826012.4331379507,
K	 = 890.1194947893371,
Value	 = 3.978964563366029e-06,
Xi	 = 0.0,
eps	 = 0.7722927573411226,
ka	 = 0.2579110957604236,
n	 = 3.6399628404198916,
nO2	 = 0.0,
rho	 = 1189.37,
