A	 = 4.76e+10,
C0	 = 1.0,
Cpa	 = 1888.2836766452806,
E	 = 1.56e+05,
Hp	 = 788066.2878323122,
K	 = 994.0183196595185,
Value	 = 9.638976217423436e-08,
Xi	 = 0.0,
eps	 = 0.7966818666706459,
ka	 = 0.2490863843099635,
n	 = 0.9090470989617561,
nO2	 = 0.0,
rho	 = 1189.37,
