A	 = 5.08e+10,
C0	 = 1.0,
Cpa	 = 1289.0,
Cpb	 = 3.978,
E	 = 1.57e+05,
Hp	 = 788000.0,
K	 = 1000.0,
Value	 = 0.0040887066694131205,
Xi	 = 0.0,
eps	 = 0.8,
ka	 = 0.21,
kb	 = 0.00026,
n	 = 0.91,
nO2	 = 0.0,
rho	 = 1189.37,
