A	 = 4.32e+12,
C0	 = 1.0,0.0,
Cpa	 = 1054.07922114,2525.6758118,
Cpb	 = 0.0406841999164,0.729842603866,
E	 = 1.77e+05,
Hp	 = 125218.609706,
K	 = 13051.0419462,100000000.0,
Value	 = 5.51752092243e-06,
Xi	 = 0.733808674985,
eps	 = 0.807351193647,0.94,
ka	 = 0.208262891084,0.0900348579126,
kb	 = 0.000174792795077,0.000560461762705,
n	 = 0.943669673204,
nO2	 = 0.0,
rho	 = 1683.0,1235.0,
