A	 = 2.10e+12,
C0	 = 1.0,0.0,
Cpa	 = 1083.6676600568528,1205.2602690362817,
Cpb	 = 0.016973382218807738,0.06501465882093618,
E	 = 1.81e+05,
Hp	 = 99190.6564946746,
K	 = 3581.9491811856915,100000000.0,
Value	 = 3.443073673883495e-07,
Xi	 = 0.7338086749851456,
eps	 = 0.938297388140181,0.94,
ka	 = 0.2980046364841624,0.11482533668542931,
kb	 = 6.037925916930525e-05,0.00025580532155476026,
n	 = 0.9806760560614,
nO2	 = 0.0,
rho	 = 1683.0,1235.0,
