A	 = 4.68e+10,
C0	 = 1.0,
Cpa	 = 1898.5275525678348,
E	 = 1.56e+05,
Hp	 = 792469.8970464298,
K	 = 986.771765026238,
Value	 = 3.3742848565688886e-07,
Xi	 = 0.0,
eps	 = 0.7962602709233302,
ka	 = 0.25037935241323495,
n	 = 0.9368814148321878,
nO2	 = 0.0,
rho	 = 1189.37,
