A	 = 5.04e+10,
C0	 = 1.0,
Cpa	 = 209.45208419562147,
Cpb	 = 3.9597758748670104,
E	 = 1.57e+05,
Hp	 = 786862.8474850145,
K	 = 999.358862675222,
Value	 = 9.347067306544667e-08,
Xi	 = 0.0,
eps	 = 0.7989527432557237,
ka	 = 0.13958107336795714,
kb	 = 0.0002578038945893591,
n	 = 0.8989453633127973,
nO2	 = 0.0,
rho	 = 1189.37,
