A	 = 5.04e+10,
C0	 = 1.0,
Cpa	 = 209.452,
Cpb	 = 3.96,
E	 = 1.57e+05,
Hp	 = 786862.84,
K	 = 999.359,
Value	 = 4.20081673399535e-06,
Xi	 = 0.0,
eps	 = 0.7989,
ka	 = 0.13958,
kb	 = 0.0002578,
n	 = 0.8989,
nO2	 = 0.0,
rho	 = 1189.37,
