A	 = 4.68e+10,
C0	 = 1.0,
Cpa	 = 1898.5276,
E	 = 1.56e+05,
Hp	 = 792470.0,
K	 = 986.771,
Value	 = 2.7918224651089384e-05,
Xi	 = 0.0,
eps	 = 0.79626,
ka	 = 0.2504,
n	 = 0.937,
nO2	 = 0.0,
rho	 = 1189.37,
