A	 = 2.52e+12,
C0	 = 1.0,0.0,
Cpa	 = 1466.8372562458571,1088.8821161147475,
E	 = 1.75e+05,
Hp	 = 77589.72692409932,
K	 = 2500.6344862594533,100000000.0,
Value	 = 1.5896802750579543e-06,
Xi	 = 0.7338086749851456,
eps	 = 0.8357962820064375,0.6369379141298546,
ka	 = 0.3271704616611366,0.20174932293934794,
n	 = 0.9219015532694207,
nO2	 = 0.0,
rho	 = 1683.0,1235.0,
