A	 = 2.12e+12,
C0	 = 1.0,0.0,
Cpa	 = 1500.0,1100.0,
E	 = 1.80e+05,
Hp	 = 100216.95261994979,
K	 = 10000.0,100000000.0,
Value	 = 9.970213111339008e-08,
Xi	 = 0.7338086749851456,
eps	 = 0.9242852262017589,0.9193431738783298,
ka	 = 0.3,0.2,
n	 = 1.0083459038875269,
nO2	 = 0.0,
rho	 = 1683.0,1235.0,
