A	 = 2.12e+12,
C0	 = 1.0,0.0,
Cpa	 = 1389.3971218462036,1048.174988052099,
E	 = 1.77e+05,
Hp	 = 90202.217491419,
K	 = 22772.986803849228,100000000.0,
Value	 = 9.930466894916289e-08,
Xi	 = 0.7338086749851456,
eps	 = 0.8332675126920879,0.8169581669542804,
ka	 = 0.2783641132242031,0.18059242507379053,
n	 = 0.99890609881088,
nO2	 = 0.0,
rho	 = 1683.0,1235.0,
