A	 = 4.04e+15,
C0	 = 1.0,0.0,
Cpa	 = 874.6542945983514,3536.050591501974,
E	 = 1.86e+05,
Hp	 = 950666.3558489538,
K	 = 2511.0495364250582,100000000.0,
Value	 = 2.2536649262229964e-06,
Xi	 = 0.7338086749851456,
eps	 = 0.5575730206753007,0.9999886658431698,
ka	 = 0.36832921021112547,0.24478918163648933,
n	 = 1.645385463605947,
nO2	 = 0.0,
rho	 = 1683.0,1235.0,
