A	 = 3.38e+15,
C0	 = 1.0,0.0,
Cpa	 = 1080.0,694.4535358700371,
Cpb	 = 0.0452,1.010705648845402,
E	 = 2.13e+05,
Hp	 = 718467.3254770683,
K	 = 8928.437372887878,100000000.0,
Value	 = 5.689156450984204e-06,
Xi	 = 0.7338086749851456,
eps	 = 0.9290875605737479,0.9999572054818247,
ka	 = 0.4567960753406569,0.2887191808787367,
kb	 = 1.1017516215398677e-05,7.087970781956469e-05,
n	 = 1.5,
nO2	 = 0.0,
rho	 = 1683.0,1235.0,
