A	 = 2.20e+12,
C0	 = 1.0,0.0,
Cpa	 = 1528.174267872947,1819.0709401662004,
E	 = 1.74e+05,
Hp	 = 100074.49624957348,
K	 = 16992.737246578003,100000000.0,
Value	 = 1.1051803078795053e-06,
Xi	 = 0.7338086749851456,
eps	 = 0.8514494352134359,0.7454074455640333,
ka	 = 0.31993233091827067,0.25844964388525205,
n	 = 0.9000317231560168,
nO2	 = 0.0,
rho	 = 1683.0,1235.0,
