A	 = 3.09e+15,
C0	 = 1.0,0.0,
Cpa	 = 981.010518730101,3062.4422061425084,
E	 = 1.92e+05,
Hp	 = 906897.2137390757,
K	 = 2729.1550314477895,100000000.0,
Value	 = 3.4854021674357998e-06,
Xi	 = 0.7338086749851456,
eps	 = 0.6558431486048089,0.9998747995192596,
ka	 = 0.3760461459908324,0.2513372509951463,
n	 = 1.640504271376512,
nO2	 = 0.0,
rho	 = 1683.0,1235.0,
