A	 = 2.58e+12,
C0	 = 1.0,0.0,
Cpa	 = 1315.73137207,1249.41924068,
Cpb	 = 0.0113022445458,0.0647534631507,
E	 = 1.63e+05,
Hp	 = 236688.408357,
K	 = 2500.1767466,100000000.0,
Value	 = 0.000944379237874,
Xi	 = 0.733808674985,
eps	 = 0.711274250941,0.94,
ka	 = 1.24799928367,0.0237257676393,
kb	 = 0.000176197384309,0.000541708204734,
n	 = 1.09999762493,
nO2	 = 0.0,
rho	 = 1683.0,1235.0,
