A	 = 2.38e+12,
C0	 = 1.0,0.0,
Cpa	 = 1058.9358729763653,1028.712050900502,
Cpb	 = 0.09401718972160557,0.281381181203755,
E	 = 1.81e+05,
Hp	 = 99978.57853193796,
K	 = 15453.732080791518,100000000.0,
Value	 = 0.007271181685125958,
Xi	 = 0.7338086749851456,
eps	 = 0.9413957459016342,0.94,
ka	 = 0.30519876684762204,0.08297979098402022,
kb	 = 5.9881079395798595e-05,0.00029911887822337463,
n	 = 0.9997547699237346,
nO2	 = 0.0,
qIgn	 = 20.05875548318444,
rho	 = 1683.0,1235.0,
