A	 = 9.38e+12,
C0	 = 1.0,0.0,
Cpa	 = 1141.6429457632653,2480.090083580643,
Cpb	 = 0.011304561274603876,0.25873637122940885,
E	 = 1.57e+05,
Hp	 = 25000.135990763556,
K	 = 2500.1691919921777,100000000.0,
Value	 = 2.7867660343059187e-05,
Xi	 = 0.7338086749851456,
eps	 = 0.69840613214047,0.94,
ka	 = 0.37086685158345284,0.055798203229404014,
kb	 = 3.2818928403816305e-05,0.0002219571189087385,
n	 = 0.2969992743993219,
nO2	 = 0.0,
rho	 = 1683.0,1235.0,
