A	 = 1.16e+12,
C0	 = 1.0,0.0,
Cpa	 = 1085.240664474538,1087.7172897336732,
Cpb	 = 0.011352214807101964,0.18812980082656153,
E	 = 1.78e+05,
Hp	 = 99999.81549185506,
K	 = 33086.08553557218,100000000.0,
Value	 = 1.5455875061995246e-07,
Xi	 = 0.7338086749851456,
eps	 = 0.9415558823545911,0.94,
ka	 = 0.3162827786544299,0.08623280370410605,
kb	 = 2.860764228292157e-05,0.00029398396027645877,
n	 = 0.9850508047153148,
nO2	 = 0.0,
qIgn	 = 20.38707943143185,
rho	 = 1683.0,1235.0,
