A	 = 2.41e+12,
C0	 = 1.0,0.0,
Cpa	 = 1114.96083912,440.887779518,
Cpb	 = 0.0855539659409,1.00394122442,
E	 = 1.82e+05,
Hp	 = 102452.575562,
K	 = 38288.4453994,100000000.0,
Value	 = 5.32879660768e-06,
Xi	 = 0.733808674985,
eps	 = 0.989299940151,0.94,
ka	 = 0.313419464155,0.0363391558271,
kb	 = 8.9752159968e-05,0.000383380680272,
n	 = 1.01678263763,
nO2	 = 0.0,
rho	 = 1683.0,1235.0,
