A	 = 3.30e+15,
C0	 = 1.0,0.0,
Cpa	 = 1045.0669290328437,1089.7091785945918,
Cpb	 = 0.03728191621998015,0.0,
E	 = 2.11e+05,
Hp	 = 571823.0010323802,
K	 = 10046.617774681918,0.0,
Value	 = 9.682300746128596e-08,
Xi	 = 0.7338086749851456,
eps	 = 0.8852606480687467,0.8889018876402844,
ka	 = 0.29838173796092826,0.09957571960935457,
kb	 = 4.7005941407185674e-05,0.0002685732332463072,
n	 = 1.5264941744078357,
nO2	 = 0.0,
rho	 = 1683.0,1235.0,
