A	 = 3.81e+15,
C0	 = 1.0,0.0,
Cpa	 = 1058.556,1048.729,
Cpb	 = 0.045,0.4266,
E	 = 1.97e+05,
Hp	 = 594215.7,
K	 = 11798.78,0.0,
Value	 = 0.00011204814329134966,
Xi	 = 0.7338086749851456,
eps	 = 0.7243,0.795,
ka	 = 0.327,0.02374,
kb	 = 1.1396e-05,0.0003409,
n	 = 1.7,
nO2	 = 0.0,
rho	 = 1683.0,1235.0,
