A	 = 2.78e+15,
C0	 = 1.0,0.0,
Cpa	 = 1033.3,654.575,
E	 = 1.86e+05,
Hp	 = 435328.4,
K	 = 7060.93,0.0,
Value	 = 0.0002071070386180532,
Xi	 = 0.7338086749851456,
eps	 = 0.605,0.5322,
ka	 = 0.2796,0.289,
n	 = 1.4844,
nO2	 = 0.0,
rho	 = 1683.0,1235.0,
