A	 = 1.29e+16,
C0	 = 1.0,0.0,
Cpa	 = 2505.3363127013367,531.8533364760447,
E	 = 1.58e+05,
Hp	 = 731246.6943495539,
K	 = 3674.9414558741673,0.0,
Value	 = 1.684236942961547e-06,
Xi	 = 0.7338086749851456,
eps	 = 0.6968630614934135,0.5929667049340666,
ka	 = 0.6746354041485763,0.5233302493830931,
n	 = 1.9084462599941827,
nO2	 = 0.0,
rho	 = 1683.0,1235.0,
