A	 = 2.84e+15,
C0	 = 1.0,0.0,
Cpa	 = 2544.65,2904.79,
Cpb	 = 0.0508,0.6403,
E	 = 1.49e+05,
Hp	 = 595000.0,
K	 = 5383.8,0.0,
Value	 = 0.00023540470833753298,
Xi	 = 0.7338086749851456,
eps	 = 0.6473,0.6013,
ka	 = 0.759,0.1415,
kb	 = 1.5834e-05,0.0003348,
n	 = 1.56,
nO2	 = 0.0,
rho	 = 1683.0,1235.0,
