A	 = 3.00e+15,
C0	 = 1.0,0.0,
Cpa	 = 1044.2214108733858,1138.032917473111,
E	 = 2.09e+05,
Hp	 = 555471.9022198282,
K	 = 10427.493194849081,0.0,
Value	 = 9.912733238092857e-08,
Xi	 = 0.7338086749851456,
eps	 = 0.866087519033732,0.867325196869314,
ka	 = 0.28522057581963844,0.173054246331372,
n	 = 1.5319466011335563,
nO2	 = 0.0,
rho	 = 1683.0,1235.0,
