A	 = 2.57e+12,
C0	 = 1.0,0.0,
Cpa	 = 1070.8362727732842,1191.8013083400022,
Cpb	 = 0.13443643541081896,0.09899755524386841,
E	 = 1.81e+05,
Hp	 = 101833.57828835564,
K	 = 31897.22766674373,100000000.0,
Value	 = 8.288544512695568e-08,
Xi	 = 0.7338086749851456,
eps	 = 0.9609942466183055,0.94,
ka	 = 0.2981842661933535,0.03840699589130622,
kb	 = 9.652124864032688e-05,0.0003793140738531022,
n	 = 0.9977548735098627,
nO2	 = 0.0,
rho	 = 1683.0,1235.0,
