A	 = 2.43e+12,
C0	 = 1.0,0.0,
Cpa	 = 1074.1475584989025,1118.3154061172554,
Cpb	 = 0.06879845081400955,0.20221659568958766,
E	 = 1.81e+05,
Hp	 = 100728.01230253815,
K	 = 10974.532802515494,100000000.0,
Value	 = 9.429535780953903e-08,
Xi	 = 0.7338086749851456,
eps	 = 0.9400914388059787,0.94,
ka	 = 0.3031494940627837,0.06933654807215994,
kb	 = 6.310258551209185e-05,0.0003254029463477429,
n	 = 0.996923169465241,
nO2	 = 0.0,
rho	 = 1683.0,1235.0,
