A	 = 3.08e+12,
C0	 = 1.0,0.0,
Cpa	 = 1038.6092755651398,926.9997848771063,
Cpb	 = 0.1483556218078595,0.45094504569241084,
E	 = 1.82e+05,
Hp	 = 100813.87591058842,
K	 = 39430.365871088565,100000000.0,
Value	 = 9.794917750442853e-08,
Xi	 = 0.7338086749851456,
eps	 = 0.9425015348075743,0.94,
ka	 = 0.2989964267137014,0.06043988519518638,
kb	 = 7.647488005591086e-05,0.0003365972912593837,
n	 = 1.007386056058921,
nO2	 = 0.0,
rho	 = 1683.0,1235.0,
