A	 = 2.14e+12,
C0	 = 1.0,0.0,
Cpa	 = 1099.8870195519592,895.5314660199178,
Cpb	 = 0.044458781277106535,0.6153239136139229,
E	 = 1.80e+05,
Hp	 = 101756.6029921094,
K	 = 39500.74473287242,100000000.0,
Value	 = 8.465805894568684e-08,
Xi	 = 0.7338086749851456,
eps	 = 0.9506989668999453,0.94,
ka	 = 0.30870216129246103,0.027644138743396753,
kb	 = 6.369158824903539e-05,0.00039806712035447334,
n	 = 0.9844907749496521,
nO2	 = 0.0,
rho	 = 1683.0,1235.0,
