A	 = 2.53e+12,
C0	 = 1.0,0.0,
Cpa	 = 1045.2294881569933,964.8818534361308,
Cpb	 = 0.08691720863961015,0.34664786022813154,
E	 = 1.81e+05,
Hp	 = 100326.79841892298,
K	 = 25704.736427549964,100000000.0,
Value	 = 2.5997056863624068e-05,
Xi	 = 0.7338086749851456,
eps	 = 0.9314267938724996,0.94,
ka	 = 0.30255677436612655,0.1872084239240926,
kb	 = 5.290166824993202e-05,0.0001455032547864243,
n	 = 1.0005818132347102,
nO2	 = 0.0,
qIgn	 = 18.98966872079581,
rho	 = 1683.0,1235.0,
