A	 = 2.21e+12,
C0	 = 1.0,0.0,
Cpa	 = 1128.990898666855,1344.188382858611,
Cpb	 = 0.020034093035614084,0.09639168368287498,
E	 = 1.81e+05,
Hp	 = 114431.97801522558,
K	 = 2623.3628071519893,100000000.0,
Value	 = 6.702198310578517e-05,
Xi	 = 0.7338086749851456,
eps	 = 0.9946309786762813,0.94,
ka	 = 0.27076427489202437,0.10261013595859936,
kb	 = 0.00016190043658636437,0.0005109021052268569,
n	 = 0.9477434258596644,
nO2	 = 0.0,
rho	 = 1683.0,1235.0,
