A	 = 9.71e+11,
C0	 = 1.0,0.0,
Cpa	 = 4090.3619438706746,941.3074630144604,
Cpb	 = 0.17822945651702324,0.06484536572927335,
E	 = 1.24e+05,
Hp	 = 208087.10266455406,
K	 = 31974.795782041794,100000000.0,
Value	 = 1.6895242742658623e-06,
Xi	 = 0.7338086749851456,
eps	 = 0.9999996590916317,0.94,
ka	 = 1.097326500641875,0.17496955159590544,
kb	 = 0.00017150372088250114,7.077077758558377e-05,
n	 = 1.9238395340953696,
nO2	 = 0.0,
rho	 = 1683.0,1235.0,
