A	 = 1.99e+12,
C0	 = 1.0,0.0,
Cpa	 = 1069.65065691,913.35695903,
Cpb	 = 0.0712984321026,0.434020087293,
E	 = 1.80e+05,
Hp	 = 100461.919922,
K	 = 17563.210547,100000000.0,
Value	 = 2.6026544335e-05,
Xi	 = 0.733808674985,
eps	 = 0.940455928575,0.94,
ka	 = 0.311998207359,0.140848002332,
kb	 = 4.52671428434e-05,0.000212335093657,
n	 = 0.996575651326,
nO2	 = 0.0,
qIgn	 = 15.068079662,
rho	 = 1683.0,1235.0,
