A	 = 2.57e+12,
C0	 = 1.0,0.0,
Cpa	 = 1065.1235652753148,952.5867600617357,
Cpb	 = 0.07989688230900585,0.37409047511539506,
E	 = 1.81e+05,
Hp	 = 100200.05109119327,
K	 = 15892.979282931643,100000000.0,
Value	 = 1.200420165916237e-07,
Xi	 = 0.7338086749851456,
eps	 = 0.9408629117072178,0.94,
ka	 = 0.3093407678734783,0.08859808111648104,
kb	 = 5.165823019269158e-05,0.00029170267091336677,
n	 = 1.0056277301697167,
nO2	 = 0.0,
rho	 = 1683.0,1235.0,
