A	 = 2.57e+12,
C0	 = 1.0,0.0,
Cpa	 = 1075.0325255401494,1192.3011167296945,
Cpb	 = 0.04169037412421928,0.06685318065056767,
E	 = 1.82e+05,
Hp	 = 99980.27320147463,
K	 = 19939.354332617382,100000000.0,
Value	 = 1.650504991420978e-07,
Xi	 = 0.7338086749851456,
eps	 = 0.940856936099371,0.94,
ka	 = 0.3124367257274955,0.1217425105830961,
kb	 = 4.032483410097241e-05,0.00024817008949282063,
n	 = 0.9944902116403991,
nO2	 = 0.0,
rho	 = 1683.0,1235.0,
