A	 = 2.79e+12,
C0	 = 1.0,0.0,
Cpa	 = 1028.59645407,1130.44944403,
Cpb	 = 0.137297540439,0.125650680331,
E	 = 1.82e+05,
Hp	 = 99213.5336862,
K	 = 10219.5247394,100000000.0,
Value	 = 1.97747675833e-06,
Xi	 = 0.733808674985,
eps	 = 0.935453746765,0.94,
ka	 = 0.312482542619,0.0237256509849,
kb	 = 4.15367989872e-05,0.000386506393305,
n	 = 1.00979161535,
nO2	 = 0.0,
rho	 = 1683.0,1235.0,
