A	 = 2.02e+12,
C0	 = 1.0,0.0,
Cpa	 = 1068.9740135264014,920.908680957193,
Cpb	 = 0.07125121858506264,0.42388119206426816,
E	 = 1.80e+05,
Hp	 = 100492.25675696145,
K	 = 17717.707971124484,100000000.0,
Value	 = 0.04996967773042897,
Xi	 = 0.7338086749851456,
eps	 = 0.9400537600495144,0.94,
ka	 = 0.3118641399148602,0.14186248952602548,
kb	 = 4.502718554709734e-05,0.00021118276976906443,
n	 = 0.9967140024656916,
nO2	 = 0.0,
rho	 = 1683.0,1235.0,
