A	 = 9.71e+11,
C0	 = 1.0,0.0,
Cpa	 = 4090.3619438706746,941.3074630144605,
Cpb	 = 0.17822945651702324,0.06484536572927335,
E	 = 1.24e+05,
Hp	 = 208087.10266455406,
K	 = 31974.795782041798,100000000.0,
Value	 = 0.006799561456212017,
Xi	 = 0.7338086749851456,
eps	 = 0.9999996590916316,0.94,
ka	 = 1.0973265006418749,0.17496955159590544,
kb	 = 0.00017150372088250114,7.077077758558376e-05,
n	 = 1.9238395340953696,
nO2	 = 0.0,
rho	 = 1683.0,1235.0,
