A	 = 4.40e+12,
C0	 = 1.0,0.0,
Cpa	 = 1077.817746027638,1009.583324861379,
Cpb	 = 0.05205436635548984,0.2828590458429268,
E	 = 1.84e+05,
Hp	 = 99562.87306714283,
K	 = 12010.324184917155,100000000.0,
Value	 = 0.007205210000219977,
Xi	 = 0.7338086749851456,
eps	 = 0.9413345875244687,0.94,
ka	 = 0.31669855221272153,0.1440446091040905,
kb	 = 3.1934037914023466e-05,0.00020180138431297564,
n	 = 1.0137845297363584,
nO2	 = 0.0,
rho	 = 1683.0,1235.0,
