A	 = 2.40e+12,
C0	 = 1.0,0.0,
Cpa	 = 1489.1608578,1118.3391711,
E	 = 1.81e+05,
Hp	 = 100926.187479,
K	 = 20892.6823003,100000000.0,
Value	 = 9.141060712223857e-06,
Xi	 = 0.7338086749851456,
eps	 = 0.933121214089,0.94,
ka	 = 0.296891950837,0.202274322405,
n	 = 1.004,
nO2	 = 0.0,
rho	 = 1683.0,1235.0,
