A	 = 3.43e+12,
C0	 = 1.0,0.0,
Cpa	 = 1082.0,1045.0,
Cpb	 = 0.0457,0.2564,
E	 = 1.83e+05,
Hp	 = 99847.41,
K	 = 10246.65,100000000.0,
Value	 = 3.0282466080018293e-06,
Xi	 = 0.7338086749851456,
eps	 = 0.9417,0.94,
ka	 = 0.313,0.0834,
kb	 = 4.24e-05,0.0003,
n	 = 1.013,
nO2	 = 0.0,
rho	 = 1683.0,1235.0,
