A	 = 1.65e+12,
C0	 = 1.0,0.0,
Cpa	 = 5276.66,405.58,
E	 = 1.30e+05,
Hp	 = 178066.2,
K	 = 2500.18,100000000.0,
Value	 = 0.0005781341766856051,
Xi	 = 0.7338086749851456,
eps	 = 1.0,0.94,
ka	 = 0.935,0.146,
n	 = 2.297,
nO2	 = 0.0,
rho	 = 1683.0,1235.0,
