A	 = 2.19e+12,
C0	 = 1.0,0.0,
Cpa	 = 1174.2121276496835,1355.3408782514998,
Cpb	 = 0.04244192783154354,0.2612743608503119,
E	 = 1.78e+05,
Hp	 = 111505.38646189752,
K	 = 25483.19785841499,100000000.0,
Value	 = 6.299898758830177e-05,
Xi	 = 0.7338086749851456,
eps	 = 0.9581866156753343,0.94,
ka	 = 0.27004725294725773,0.20162626119914195,
kb	 = 0.00016881454492321477,0.00018006513880179116,
n	 = 0.98513,
nO2	 = 0.0,
rho	 = 1683.0,1235.0,
