A	 = 8.34e+11,
C0	 = 1.0,0.0,
Cpa	 = 4057.948581,935.4213091,
Cpb	 = 0.167671315,0.064906488,
E	 = 1.24e+05,
Hp	 = 207434.6732,
K	 = 21698.95668,100000000.0,
Value	 = 0.0005869716058049184,
Xi	 = 0.7338086749851456,
eps	 = 1.0,0.94,
ka	 = 1.085129458,0.17444389,
kb	 = 0.000176159,7.08e-05,
n	 = 1.915174091,
nO2	 = 0.0,
rho	 = 1683.0,1235.0,
