A	 = 2.41e+12,
C0	 = 1.0,0.0,
Cpa	 = 1114.96,440.887,
Cpb	 = 0.0855,1.004,
E	 = 1.82e+05,
Hp	 = 102452.6,
K	 = 25483.19785841499,100000000.0,
Value	 = 2.3296917361991728e-05,
Xi	 = 0.7338086749851456,
eps	 = 0.9893,0.94,
ka	 = 0.3134,0.0363,
kb	 = 8.975e-05,0.0003834,
n	 = 1.0168,
nO2	 = 0.0,
rho	 = 1683.0,1235.0,
