A	 = 1.29e+16,
C0	 = 1.0,0.0,
Cpa	 = 2505.336,531.8533,
E	 = 1.58e+05,
Hp	 = 731246.7,
K	 = 3674.94,0.0,
Value	 = 0.0004780953985223823,
Xi	 = 0.7338086749851456,
eps	 = 0.6969,0.593,
ka	 = 0.6746,0.5233,
n	 = 1.908,
nO2	 = 0.0,
rho	 = 1683.0,1235.0,
