A	 = 3.21e+15,
C0	 = 1.0,0.0,
Cpa	 = 1078.2057452920988,1203.2702631498073,
E	 = 2.10e+05,
Hp	 = 580547.9245344372,
K	 = 10350.492228555253,100000000.0,
Value	 = 9.768489374141838e-08,
Xi	 = 0.7338086749851456,
eps	 = 0.8901907934771967,0.8882101131575764,
ka	 = 0.2960147597810546,0.19017741897326307,
n	 = 1.5030650165441974,
nO2	 = 0.0,
rho	 = 1683.0,1235.0,
