A	 = 2.34e+12,
C0	 = 1.0,0.0,
Cpa	 = 1060.35662426,1040.94601286,
Cpb	 = 0.0437415099513,0.251215531136,
E	 = 1.81e+05,
Hp	 = 99441.7002031,
K	 = 10287.6810029,100000000.0,
Value	 = 7.74288024323e-08,
Xi	 = 0.733808674985,
eps	 = 0.924247330812,0.94,
ka	 = 0.302892944149,0.0935155513727,
kb	 = 4.39566837817e-05,0.000277320539425,
n	 = 1.00310121977,
nO2	 = 0.0,
rho	 = 1683.0,1235.0,
