A	 = 3.38e+15,
C0	 = 1.0,0.0,
Cpa	 = 1080.0,1041.0,
Cpb	 = 0.0452,0.259,
E	 = 2.13e+05,
Hp	 = 595000.0,
K	 = 10000.0,0.0,
Value	 = 0.011224583699772459,
Xi	 = 0.7338086749851456,
eps	 = 0.94,0.94,
ka	 = 0.312,0.0949,
kb	 = 4.41e-05,0.000283,
n	 = 1.5,
nO2	 = 0.0,
rho	 = 1683.0,1235.0,
