A	 = 3.31e+15,
C0	 = 1.0,0.0,
Cpa	 = 1087.2888811093385,1020.598070446006,
Cpb	 = 0.04525440325805577,0.25307695560405463,
E	 = 2.10e+05,
Hp	 = 581327.4144003869,
K	 = 9776.654229924625,100000000.0,
Value	 = 9.790395588386041e-08,
Xi	 = 0.7338086749851456,
eps	 = 0.9011221876164546,0.8887051192869784,
ka	 = 0.3129150239005022,0.09141508498390655,
kb	 = 4.354297754701505e-05,0.0002679925940437677,
n	 = 1.5319113082451974,
nO2	 = 0.0,
rho	 = 1683.0,1235.0,
