A	 = 2.14e+12,
C0	 = 1.0,0.0,
Cpa	 = 1505.924740143519,1050.689509971975,
E	 = 1.80e+05,
Hp	 = 100556.70123687494,
K	 = 10198.66850905976,100000000.0,
Value	 = 9.187064674870997e-08,
Xi	 = 0.7338086749851456,
eps	 = 0.9359195253856141,0.94,
ka	 = 0.3003465834110654,0.1975074036864608,
n	 = 1.0206835113015997,
nO2	 = 0.0,
rho	 = 1683.0,1235.0,
