A	 = 2.34e+12,
C0	 = 1.0,0.0,
Cpa	 = 1500.0,1100.0,
E	 = 1.81e+05,
Hp	 = 100000.0,
K	 = 10000.0,100000000.0,
Value	 = 0.009804753413186812,
Xi	 = 0.7338086749851456,
eps	 = 0.94,0.94,
ka	 = 0.3,0.2,
n	 = 1.0,
nO2	 = 0.0,
rho	 = 1683.0,1235.0,
