A	 = 5.99e+15,
C0	 = 1.0,0.0,
Cpa	 = 2291.3342128437444,4077.6441035074777,
E	 = 1.54e+05,
Hp	 = 1219714.793993948,
K	 = 38740.256236907604,100000000.0,
Value	 = 5.14533309359246e-07,
Xi	 = 0.7338086749851456,
eps	 = 0.6510324752045126,0.9823611958884041,
ka	 = 0.6975724039958696,0.2283779368367998,
n	 = 1.9987951396488088,
nO2	 = 0.0,
rho	 = 1683.0,1235.0,
