A	 = 5.46e+15,
C0	 = 1.0,0.0,
Cpa	 = 2258.1507462417867,4131.3570263791435,
Cpb	 = 0.1782245929631591,0.8255363992642294,
E	 = 1.57e+05,
Hp	 = 859439.5972705921,
K	 = 2507.73715303518,100000000.0,
Value	 = 6.695788616942634e-07,
Xi	 = 0.7338086749851456,
eps	 = 0.6696784436206773,0.7491641276694749,
ka	 = 0.6770647100909568,0.0546428555821819,
kb	 = 6.419652552946368e-05,0.0004445103763574392,
n	 = 1.6161816024832136,
nO2	 = 0.0,
rho	 = 1683.0,1235.0,
