A	 = 2.84e+15,
C0	 = 1.0,0.0,
Cpa	 = 2544.6513150300843,2904.795740381137,
Cpb	 = 0.0508050627713407,0.640319587554256,
E	 = 1.49e+05,
Hp	 = 703897.7185963562,
K	 = 5383.800031385599,0.0,
Value	 = 1.4085685673253985e-06,
Xi	 = 0.7338086749851456,
eps	 = 0.6472878606720065,0.601344013207243,
ka	 = 0.7590494300004137,0.1415322498742541,
kb	 = 1.5834088255822607e-05,0.00033484130971797826,
n	 = 1.5605442497690651,
nO2	 = 0.0,
rho	 = 1683.0,1235.0,
