A	 = 3.38e+15,
C0	 = 1.0,0.0,
Cpa	 = 1090.0,1150.0,
E	 = 2.13e+05,
Hp	 = 595000.0,
K	 = 10000.0,100000000.0,
Value	 = 0.011559608127719697,
Xi	 = 0.7338086749851456,
eps	 = 0.94,0.94,
ka	 = 0.3,0.2,
n	 = 1.5,
nO2	 = 0.0,
rho	 = 1683.0,1235.0,
