A	 = 8.34e+11,
C0	 = 1.0,0.0,
Cpa	 = 4057.9485813880146,935.4213091419947,
Cpb	 = 0.16767131499422655,0.06490648770367977,
E	 = 1.24e+05,
Hp	 = 207434.67318667984,
K	 = 21698.956684338576,100000000.0,
Value	 = 1.3523290282283343e-06,
Xi	 = 0.7338086749851456,
eps	 = 0.9999845003101346,0.94,
ka	 = 1.0851294576884225,0.17444388954903722,
kb	 = 0.00017615877313713254,7.078542162668584e-05,
n	 = 1.9151740914530238,
nO2	 = 0.0,
rho	 = 1683.0,1235.0,
