A	 = 1.65e+12,
C0	 = 1.0,0.0,
Cpa	 = 5276.657438083657,405.578787594654,
E	 = 1.30e+05,
Hp	 = 178066.2042729106,
K	 = 2500.1816034983517,100000000.0,
Value	 = 1.6961860775686676e-06,
Xi	 = 0.7338086749851456,
eps	 = 0.9999998634709534,0.94,
ka	 = 0.9352873647403692,0.14581152024312,
n	 = 2.29706423576431,
nO2	 = 0.0,
rho	 = 1683.0,1235.0,
