A	 = 2.37e+12,7.48e+13,
C0	 = 1.0,0.0,
Cpa	 = 1270.38,2692.7,
Cpb	 = 0.0866,0.713,
E	 = 1.74e+05,1.83e+05,
Hp	 = 140255.1,249845.0,
K	 = 19186.0,100000000.0,
Value	 = 0.007200807061425906,
Xi	 = 0.7222,0.53,
eps	 = 0.9328,0.94,
ka	 = 0.366,0.1675,
kb	 = 7.808e-05,0.0005876,
n	 = 0.972,1.494,
nO2	 = 0.0,0.0,
rho	 = 1683.0,1235.0,
