A	 = 2.34e+12,7.42e+13,
C0	 = 1.0,0.0,
Cpa	 = 1125.4,2041.87,
Cpb	 = 0.1113,0.5866,
E	 = 1.78e+05,1.89e+05,
Hp	 = 237945.0,178233.0,
K	 = 23390.0,100000000.0,
Value	 = 0.006512460621933863,
Xi	 = 0.747,0.5134,
eps	 = 0.9374,0.94,
ka	 = 0.3078,0.1375,
kb	 = 7.371e-05,0.0004907,
n	 = 1.0297,1.497,
nO2	 = 0.0,0.0,
rho	 = 1683.0,1235.0,
